Soy el primer Hilo: 1
Suma de matrices
|   1  2  3  4  5  6  7    |   |   7  4  2  6  3  1  3    |
|   2  4  5  6  2  1  4    |   |   5  1  2  6  3  2  4    |
|   7  4  2  6  3  1  3    |   |   1  2  3  4  5  6  7    |
|   5  1  2  6  3  2  4    | + |   7  6  5  4  3  2  1    |  =
|   1  3  2  5  4  7  6    |   |   3  4  2  3  1  5  2    |
|   3  4  2  3  1  5  2    |   |   1  3  2  5  4  7  6    |
|   7  6  5  4  3  2  1    |   |   2  4  5  6  2  1  4    |

|	8	6	5	10	8	7	10	|
|	7	5	7	12	5	3	8	|
|	8	6	5	10	8	7	10	|
|	12	7	7	10	6	4	5	|
|	4	7	4	8	5	12	8	|
|	4	7	4	8	5	12	8	|
|	9	10	10	10	5	3	5	|
