Soy el tercer Hilo: 2
Multiplicación de matrices
|   1  2  3  4  5  6  7    |   |   7  4  2  6  3  1  3    |
|   2  4  5  6  2  1  4    |   |   5  1  2  6  3  2  4    |
|   7  4  2  6  3  1  3    |   |   1  2  3  4  5  6  7    |
|   5  1  2  6  3  2  4    | * |   7  6  5  4  3  2  1    |  =
|   1  3  2  5  4  7  6    |   |   3  4  2  3  1  5  2    |
|   3  4  2  3  1  5  2    |   |   1  3  2  5  4  7  6    |
|   7  6  5  4  3  2  1    |   |   2  4  5  6  2  1  4    |

|	83	102	92	133	79	105	110	|
|	96	85	83	115	75	73	89	|
|	129	99	81	130	74	64	81	|
|	103	95	78	111	65	64	73	|
|	90	102	91	135	81	104	108	|
|	76	65	57	102	65	71	82	|
|	125	90	76	139	89	87	106	|
