0.438 -0.901 -0.873 -0.432 0.363 1.231 -0.070 -0.740 -0.755 -0.087 
0.756 -1.650 -1.623 -0.744 0.626 2.190 -0.122 -1.272 -1.366 -0.141 
1.106 -2.442 -2.471 -1.124 0.890 3.300 -0.186 -1.947 -2.104 -0.219 
0.238 -0.474 -0.467 -0.224 0.130 0.624 -0.067 -0.354 -0.346 -0.013 
-0.019 -0.006 -0.036 -0.018 0.057 0.017 -0.017 -0.033 -0.054 -0.010 
-0.031 -0.016 -0.009 -0.027 0.009 -0.039 0.031 -0.002 -0.026 -0.022 
0.664 -1.499 -1.510 -0.723 0.565 2.073 -0.106 -1.195 -1.287 -0.173 
-0.464 1.072 1.025 0.506 -0.321 -1.431 0.060 0.801 0.831 0.056 
-0.833 1.953 1.953 0.878 -0.703 -2.584 0.107 1.541 1.627 0.180 
-0.604 1.436 1.423 0.662 -0.522 -1.943 0.114 1.136 1.232 0.149 
