0.080 -0.074 -0.173 -0.047 0.335 0.251 0.889 -0.352 -0.774 0.094 
-0.645 0.669 1.611 0.551 -3.430 -2.590 -8.841 3.460 7.751 -0.837 
-0.527 0.495 1.208 0.417 -2.552 -1.929 -6.588 2.576 5.766 -0.677 
1.648 -1.659 -4.009 -1.396 8.551 6.455 22.010 -8.605 -19.287 2.152 
-0.870 0.860 2.085 0.716 -4.408 -3.325 -11.378 4.449 9.970 -1.122 
0.286 -0.254 -0.619 -0.202 1.271 0.958 3.307 -1.292 -2.893 0.359 
0.030 -0.058 -0.121 -0.034 0.252 0.188 0.646 -0.255 -0.569 0.037 
-0.078 0.072 0.179 0.064 -0.380 -0.289 -0.988 0.386 0.869 -0.101 
0.618 -0.602 -1.454 -0.504 3.083 2.329 7.951 -3.108 -6.960 0.804 
0.120 -0.119 -0.289 -0.088 0.582 0.439 1.522 -0.597 -1.336 0.144 
